   0.0000000e+00	
   0.0000000e+00	
   0.0000000e+00	
   0.0000000e+00	
   0.0000000e+00	
   0.0000000e+00	
   0.0000000e+00	
   0.0000000e+00	
   0.0000000e+00	
   0.0000000e+00	
   0.0000000e+00	
   0.0000000e+00	
   0.0000000e+00	
   0.0000000e+00	
   0.0000000e+00	
   0.0000000e+00	
   0.0000000e+00	
   0.0000000e+00	
   0.0000000e+00	
   0.0000000e+00	
   0.0000000e+00	
   0.0000000e+00	
   0.0000000e+00	
   0.0000000e+00	
   0.0000000e+00	
   0.0000000e+00	
   0.0000000e+00	
   0.0000000e+00	
   0.0000000e+00	
   0.0000000e+00	
   0.0000000e+00	
   0.0000000e+00	
   0.0000000e+00	
   0.0000000e+00	
   0.0000000e+00	
   0.0000000e+00	
   0.0000000e+00	
   0.0000000e+00	
   0.0000000e+00	
   0.0000000e+00	
   0.0000000e+00	
   1.1542692e-02	
   2.7715947e-02	
   5.0909767e-02	
   8.4680817e-02	
   1.3437313e-01	
   1.9487872e-01	
   2.6872942e-01	
   3.6453371e-01	
   4.8270874e-01	
   4.9738602e-01	
   4.8215697e-01	
   4.4488124e-01	
   3.7666074e-01	
   2.7324674e-01	
   2.5510734e-01	
   2.4265451e-01	
   2.3239960e-01	
   2.1736911e-01	
   1.9964394e-01	
   1.8383530e-01	
   1.7018062e-01	
   1.7005741e-01	
   1.9545149e-01	
   2.4224556e-01	
   3.0706550e-01	
   3.8813541e-01	
   4.7122430e-01	
   5.2274459e-01	
   5.6548885e-01	
   5.9947745e-01	
   6.2403079e-01	
   6.4237891e-01	
   7.2971742e-01	
   8.0937220e-01	
   8.8014209e-01	
   9.4380712e-01	
   1.0000000e+00	
   1.0000000e+00	
   1.0000000e+00	
   1.0000000e+00	
   1.0000000e+00	
   1.0000000e+00	
   1.0000000e+00	
   1.0000000e+00	
   1.0000000e+00	
   1.0000000e+00	
   1.0000000e+00	
   1.0000000e+00	
   1.0000000e+00	
   1.0000000e+00	
   1.0000000e+00	
   1.0000000e+00	
   1.0000000e+00	
   1.0000000e+00	
   1.0000000e+00	
   1.0000000e+00	
   1.0000000e+00	
   1.0000000e+00	
