   0.0000000e+00	
   0.0000000e+00	
   0.0000000e+00	
   0.0000000e+00	
   0.0000000e+00	
   0.0000000e+00	
   0.0000000e+00	
   0.0000000e+00	
   0.0000000e+00	
   0.0000000e+00	
   0.0000000e+00	
   0.0000000e+00	
   0.0000000e+00	
   0.0000000e+00	
   0.0000000e+00	
   0.0000000e+00	
   0.0000000e+00	
   0.0000000e+00	
   0.0000000e+00	
   0.0000000e+00	
   0.0000000e+00	
   0.0000000e+00	
   0.0000000e+00	
   0.0000000e+00	
   0.0000000e+00	
   0.0000000e+00	
   0.0000000e+00	
   0.0000000e+00	
   0.0000000e+00	
   0.0000000e+00	
   0.0000000e+00	
   0.0000000e+00	
   0.0000000e+00	
   0.0000000e+00	
   0.0000000e+00	
   0.0000000e+00	
   0.0000000e+00	
   0.0000000e+00	
   0.0000000e+00	
   0.0000000e+00	
   0.0000000e+00	
   0.0000000e+00	
   7.2191381e-03	
   1.8983524e-02	
   3.9071685e-02	
   7.3804249e-02	
   1.1853595e-01	
   1.7546790e-01	
   2.5692969e-01	
   3.5430840e-01	
   3.8161000e-01	
   3.9943172e-01	
   3.8730222e-01	
   3.4594780e-01	
   2.8278039e-01	
   2.7649797e-01	
   2.7106188e-01	
   2.6175251e-01	
   2.4931239e-01	
   2.3023037e-01	
   2.0201496e-01	
   1.7008884e-01	
   1.5402537e-01	
   1.4758508e-01	
   1.5330562e-01	
   1.7782039e-01	
   2.1833026e-01	
   2.7199756e-01	
   3.3306356e-01	
   3.9752950e-01	
   4.3978018e-01	
   4.9140949e-01	
   5.4011062e-01	
   6.4605328e-01	
   7.4064935e-01	
   8.4634758e-01	
   9.2901719e-01	
   1.0000000e+00	
   1.0000000e+00	
   1.0000000e+00	
   1.0000000e+00	
   1.0000000e+00	
   1.0000000e+00	
   1.0000000e+00	
   1.0000000e+00	
   1.0000000e+00	
   1.0000000e+00	
   1.0000000e+00	
   1.0000000e+00	
   1.0000000e+00	
   1.0000000e+00	
   1.0000000e+00	
   1.0000000e+00	
   1.0000000e+00	
   1.0000000e+00	
   1.0000000e+00	
   1.0000000e+00	
   1.0000000e+00	
   1.0000000e+00	
